1	-999.0
2	-999.0
3	-0.5
4	-0.5
5	-0.5
6	-0.3448782985201798
7	-0.5
8	-0.5
9	-0.5
10	1.1855225678853676
11	3.8153866169576274
12	0.21398335363561793
13	-0.5
14	0.79092857977042
15	-0.35991023926652077
16	-0.42549725195835597
17	-0.47226806864649096
18	-0.5
19	-0.5
20	-0.2553800900028348
21	-0.5
22	-0.5
23	-0.5
24	-0.10974480652609725
25	-0.47264590820068547
26	-0.4239325257512414
27	-0.4409129247576912
28	-0.3741633546761015
29	1.2289054590264836
30	-0.4113402096738788
31	-0.47508303731163837
32	0.5030115291362016
33	0.29459649604645666
34	-0.5
35	-0.5
36	-0.5
37	-0.43778016723179985
38	0.39649822053530404
39	-0.5
40	-0.16599318075308944
41	-0.2055303304408963
42	1.2233994653077644
43	-0.13331843024989704
44	-0.21170228519626905
45	0.39870019630967135
46	-0.5
47	-0.2650294496759058
48	-0.3553510697896981
49	0.3158185130753366
50	-0.28921093724071534
51	0.5949244946278835
52	0.9281949247243206
53	0.31424519504364967
54	-0.5
55	-0.5
56	-0.5
57	-0.5
58	-0.5
59	-0.3411038557577517
60	-0.5
61	-0.37168520486092826
62	0.01738446195980259
63	-0.059162630215720324
64	-0.4538696176068625
65	-0.4024737463273217
66	-0.47585276242597074
67	0.349379039751856
68	0.009797974016335198
69	-0.10883445386605428
70	-0.5
71	0.15337262524880668
72	0.1272213406112711
73	0.05254223747050246
74	-0.4287658831242721
75	0.24621386240120868
76	-0.4261443717893797
77	-0.39148554397260416
78	0.16003965539229648
79	-0.47354252016194204
80	-0.3698532315289195
81	-0.4117820357332625
82	0.7573886519047313
83	0.8044164321101366
84	0.22837864089623783
85	-0.18670911563343967
86	0.04330920528392945
87	0.04468575532071539
88	0.38450980566066395
89	-0.5
90	-0.251943819396854
91	0.23455922827130393
92	-0.5
93	0.5948879425366866
94	0.8888613468905171
95	-0.5
96	-0.5
97	-0.10038843561110794
98	-0.5
99	-0.5
100	0.4328785232457071
101	-0.5
102	-0.37229573584416575
103	-0.30527894399135314
104	0.3740285726607885
105	0.5060145648897116
106	0.02278538009318476
107	0.17297055683336338
108	-0.5
109	0.5407919160484917
110	-0.20875615600759784
111	-0.5
112	-0.44897168354455486
113	0.9687878002267554
114	-0.5
115	-0.22937953166072433
116	0.5375686019148125
117	-0.4503992407996926
118	-0.46673163056542977
119	-0.5
120	-0.5
121	-0.5
122	0.9168933266013144
123	-0.5
124	-0.46377756515457147
125	-0.5
126	-0.4686346643505062
127	-0.4741540967926449
128	-0.5
129	-0.5
130	0.5009841791611211
131	2.16417871364013
132	-0.10098408591271435
133	0.15524084460466248
134	-0.11965114477185135
135	0.06087250111853271
136	0.15894487255073386
137	-0.2078002608642121
138	0.21669815075951737
139	0.10094461050893833
140	0.34237196070405396
141	-0.39765027005677156
142	0.45179556742310434
143	0.009354664366215237
144	0.0008402507158328243
145	0.08833166495165079
146	1.1347078850157353
147	-0.5
148	-0.5
149	2.127541760642262
150	-0.40749569893974746
151	-0.15497019270212564
152	0.2744227980557573
153	-0.5
154	-0.5
155	-0.3128485391550777
156	-0.5
157	-0.5
158	0.07920816304237654
159	-0.23719391408153778
160	2.23742290081973
161	-0.4141697780694187
162	-0.5
163	1.619598572478763
164	-0.5
165	-0.22116437454790316
166	-0.5
167	-0.5
168	-0.5
169	-0.20887272108869964
170	-0.1718918598634095
171	-0.4941059348661362
172	0.27790745610748013
173	1.3513166237662495
174	-0.5
175	-0.38985557287123074
176	-0.11640409961240522
177	-0.5
178	-0.0831584036899769
179	-0.5
180	-0.3975724579663954
181	-0.5
182	-0.4788019001732602
183	1.2343377107953009
184	-0.5
185	-0.5
186	0.6349445479691593
187	-0.5
188	-0.5
189	0.13341599893616074
190	-0.08815197687762566
191	-0.5
192	-0.40376359416786467
193	0.0969253351331314
194	-0.2812781353988543
195	-0.5
196	-0.5
197	-0.5
198	0.0795406699565917
199	0.14234146127684244
200	0.32010289900202626
201	0.11380084958873438
202	-0.2613654629235046
203	-0.23157594183178287
204	-0.5
205	-0.5
206	1.7761904668560224
207	3.3273733992031627
208	4.0
209	0.06464328409701536
210	-0.12537033383616114
211	0.00574079943725514
212	0.2751152677380374
213	-0.26465388598947703
214	-0.5
215	-0.48139095971576706
216	-0.2270220131354957
217	-0.16197923853332202
218	-0.5
219	-0.27233065224423425
220	0.4016336734336412
221	2.199340149219846
222	-0.16757502685991676
223	-0.1426729903401343
224	-0.5
225	-0.5
226	0.09506218321565985
227	-0.5
228	-0.3996504872487628
229	-0.3970216502644224
230	-0.5
231	-0.25409969072601013
232	0.043404254872536074
233	-0.20219676453411728
234	0.10351214250868168
235	1.5260853284691889
236	-0.5
237	-0.24404223749384496
238	1.1276407721234794
239	-0.3840725819280201
240	-0.3516418059271477
241	-0.4067787976709421
242	-0.16341909072806138
243	0.45057988118355763
244	-0.5
245	0.6591967570234583
246	-0.5
247	-0.5
248	-0.2899980502233045
249	-0.4862960229766494
250	-0.5
251	-0.2824047312200243
252	-0.07696044723771195
253	-0.5
254	-0.3192681270623625
255	-0.47667612149179417
256	-0.5
257	-0.3964504430710401
258	-0.5
259	-0.5
260	-0.5
261	-0.3048141396056089
262	-0.33622040233662476
263	-0.3336175693475787
264	-0.5
265	-0.5
266	-0.5
267	-0.5
268	-0.025075860921025483
269	1.8590013326738313
270	-0.25914277873964603
271	0.3393458949962903
272	-0.5
273	-0.5
274	-0.19227311325174862
275	-0.5
276	-0.4583994583660876
277	-0.24666596570422822
278	-0.5
279	-0.34375389483848684
280	1.0952065282580652
281	-0.08378273589060609
282	0.36888115827501833
283	2.708411928661497
284	0.5116994417638925
285	0.8296458901996078
286	1.443879401317598
287	1.665377771084715
288	-0.4933189588967195
289	-0.019095703949852383
290	0.48533890275945046
291	1.1004284785515124
292	-0.5
293	0.1626218921599245
294	-0.08413839487718555
295	-0.5
296	-0.5
297	-0.31753434604001923
298	-0.49807742247678116
299	-0.5
300	0.03288142266046434
301	-0.5
302	-0.5
303	-0.5
304	-0.11116111800499845
305	-0.5
306	0.3759182638514097
307	0.8615753352613207
308	-0.5
309	0.07064815881447428
310	-0.22928903944378243
311	-0.47049484174587747
312	-0.4186694188747557
313	-0.5
314	-0.396430244852991
315	-0.4177625283837375
316	-0.5
317	-0.15165027565907963
318	-0.5
319	0.10083591453317042
320	-0.5
321	-0.5
322	-0.5
323	-0.5
324	-0.3349253055375184
325	-0.49807438474569943
326	-0.43501334346879134
327	-0.42235579123346684
328	-0.5
329	0.13514538275030585
330	0.8095990746372024
331	-0.5
332	0.7321517701482396
333	2.760827810632621
334	-0.4765096906243073
335	-0.5
336	-0.5
337	-0.4534683124416655
338	-0.2870971713835643
339	0.7295819477538883
340	-0.5
341	-0.3771689975758674
342	-0.4406058023396844
343	1.4013641824734062
344	-0.5
345	-0.35812973030292083
346	0.9516865969504904
347	0.33110595891183503
348	-0.5
349	-0.11161234586426189
350	-0.4389850919924251
351	0.09660067684651197
352	0.3232832557529779
353	0.39766910404979183
354	-0.4308759044951865
355	-0.5
356	-0.5
357	-0.40566420722061786
358	-0.042091781598851796
359	0.21493108731951416
360	-0.45210601650217475
361	1.2983507678067208
362	0.9343251090574505
363	-0.010663583142224653
364	-0.3232610331159913
365	-0.14166197786238593
366	1.0414773287849866
367	-0.5
368	-0.5
369	1.2171917094323492
370	-0.5
371	-0.434099694926322
372	1.430928782897201
373	0.33162233685485576
374	-0.13286695551154715
375	0.7784908366317869
376	-0.018309302473635214
377	0.6923180076119124
378	-0.5
379	-0.1649056708343637
380	1.263135725007034
381	2.4358727590423785
382	-0.5
383	-0.5
384	-0.5
385	-0.1707981778962518
386	0.6046214617931285
387	3.8511466385851953
388	-0.5
389	-0.5
390	-0.24031715159731248
391	-0.5
392	-0.31761177795596474
393	-0.05616177211641776
394	0.26659455653587183
395	0.09279801892663508
396	-0.5
397	-0.5
398	-0.5
399	-0.5
400	-0.2665588562630128
401	-0.5
402	-0.5
403	-0.5
404	-0.4958900261985676
405	-0.3067811956487706
406	-0.5
407	-0.5
408	-0.5
409	-0.5
410	-0.4652292983511566
411	-0.5
412	-0.5
413	-0.5
414	-0.5
415	3.0531409227455026
416	-0.23486042671040924
417	-0.5
418	-0.38695922005107375
419	-0.5
420	-0.5
421	-0.4455851087561706
422	-0.3831058153031996
423	-0.49352164209528937
424	-0.5
425	0.2581513599920645
426	2.5740695418667174
427	3.075252552435297
428	0.6918954712372476
429	0.19978445489033025
430	0.8171630676845281
431	0.9119336494804802
432	-0.5
433	0.20526087687866623
434	2.512921270523729
435	-0.5
436	0.7618014095519094
437	2.4137328980825847
438	-0.394002163029986
439	-0.2113202497785039
440	0.7480783302139538
441	-0.5
442	0.4715467593518945
443	-0.04074708683342837
444	0.026906326452217688
445	-0.03549572660035866
446	0.07639091239227169
447	1.0077582451331617
448	-0.20292856471140586
449	0.5782638711315926
450	-0.4510933543965317
451	-0.5
452	0.7019651750742375
453	-0.26232606889093163
454	-0.5
455	-0.4269825001148972
456	-0.048380243874352746
457	-0.5
458	-0.33039111520696973
459	-0.28137972327144656
460	0.6907500736217824
461	-0.5
462	-0.2108421161432802
463	-0.13458309552682057
464	-0.5
465	-0.49333607423526515
466	-0.488243501257028
467	-0.2885478951547614
468	-0.49518039955709486
469	-0.5
470	-0.5
471	0.9384111240836124
472	-0.12390905872041741
473	-0.5
474	-0.5
475	-0.36423527348529633
476	-0.5
477	0.09348075431304959
478	-0.1087586155433598
479	-0.2688151664724228
480	-0.31999693549439456
481	-0.16813322184647828
482	-0.16378040156438678
483	1.1002627749050393
484	0.9163638024672007
485	0.6153348967043331
486	-0.5
487	3.1651199101123604
488	0.04821184947541335
489	0.07505290307378898
490	-0.2738208730167798
491	3.5755726130170515
492	2.4911545644673394
493	-0.10586113774231942
494	-0.5
495	-0.39224047404002044
496	0.2634994728096599
497	0.6065669547188002
498	0.18611852950705965
499	0.09246022500255935
500	-0.20406015390545224
501	1.9032073569307872
502	1.0124548459121925
503	0.45012224729038663
504	0.5032458507072162
505	-0.5
506	1.6955330542363365
507	0.6159348152483339
508	-0.5
509	3.293874318568884
510	-0.07977112387469176
511	0.05830991868546098
512	0.037164812156340266
513	-0.5
514	0.07778177931366359
515	-0.13524720192657774
516	2.370501195654862
517	-0.3950263624404985
518	-0.5
519	0.8550569913126711
520	0.5019168527456175
521	-0.5
522	1.6635470518656796
523	-0.5
524	0.019701288303593634
525	1.8398265676710754
526	-0.40139558896806804
527	-0.5
528	0.39260311493486
529	-0.5
530	0.4355308394295252
531	0.3061782457020418
532	-0.5
533	-0.5
534	-0.3254502369346792
535	-0.5
536	-0.31842921984636297
537	0.6740249221955585
538	-0.48395151102805145
539	-0.4556920381869434
540	-0.4988344768778928
541	-0.5
542	-0.5
543	-0.31772800969180004
544	-0.48545459820449854
545	-0.024248516850568225
546	0.41144036841390064
547	-0.49990902610485
548	-0.4515389833167716
549	0.9037200382349502
550	1.7947272461916755
551	-0.21924099439594302
552	-0.23634450652528882
553	-0.5
554	-0.5
555	0.9018553580771957
556	-0.5
557	-0.5
558	-0.04166837445114163
559	-0.5
560	-0.4750507143543961
561	0.06954651145860569
562	-0.5
563	-0.4359927178175949
564	-0.2833460352327173
565	0.5471976973220001
566	-0.32278916784821166
567	-0.5
568	-0.49034047819006454
569	-0.5
570	-0.5
571	-0.5
572	-0.5
573	-0.5
574	-0.5
575	-0.1370195218558219
576	0.9953080511972499
577	-0.5
578	-0.3229256963541818
579	-0.5
580	-0.5
581	-0.5
582	-0.5
583	-0.5
584	-0.2967343369378208
585	0.7230841297443056
586	-0.005549930732094033
587	-0.2416194278866059
588	-0.2988346603953003
589	0.24679932065110932
590	-0.5
591	-0.5
592	-0.4247041692162672
593	0.09297719977543029
594	-0.5
595	-0.5
596	0.4692040215546056
597	0.6870433621299128
598	-0.5
599	-0.04213810642324711
600	2.307369621790845
601	2.093686537799051
602	-0.27008075864018527
603	0.5506220064049132
604	1.1613810857494553
605	-0.012361768493012237
606	-0.5
607	-0.48864425377273824
608	-0.37641707582950956
609	-0.5
610	-0.12400037151381649
611	0.7995990419266552
612	-0.5
613	-0.3819652344638742
614	-0.42833722372777966
615	-0.1996072070998791
616	-0.5
617	-0.5
618	-0.4364373197032548
619	-0.5
620	-0.5
621	-0.5
622	-0.06410676022570716
623	-0.5
624	-0.5
625	-0.5
626	-0.13292109625736015
627	-0.23078288915300876
628	-0.5
629	0.07372324470514025
630	-0.4642618752390392
631	-0.3896766919547785
632	-0.5
633	-0.2636535647439321
634	-0.5
635	-0.09130145071718387
636	-0.5
637	-0.44957086624408515
638	-0.06163250241012863
639	-0.24712899156160595
640	-0.5
641	0.12881717218167976
642	-0.29587228500196183
643	1.5300220446134758
644	1.140444423059604
645	0.2874171981531647
646	-0.0013110121839112754
647	-0.35548523883620614
648	-0.3094790216097565
649	-0.34999483521495534
650	-0.4237194595080487
651	0.05996288359621793
652	0.035898007822894096
653	-0.5
654	-0.02487564088312899
655	-0.5
656	-0.2683227621997357
657	-0.0583931126938631
658	0.02460839153440164
659	-0.12943669339935004
660	-0.47744762944622055
661	0.09768863388429372
662	1.2876789657284977
663	-0.49787257621023306
664	-0.42183752775877187
665	1.4613732273228734
666	-0.5
667	-0.5
668	-0.16905509476046615
669	1.6337972938611824
670	0.009904132641202046
671	-0.5
672	-0.3208442209915935
673	-0.30908892534542365
674	-0.33130633413894006
675	-0.4927082959900496
676	-0.43521380732123954
677	0.39805367418747273
678	1.124241395803102
679	-0.39673396809714895
680	-0.5
681	-0.5
682	1.7186191384686813
683	1.0480428207951695
684	0.4984914362435017
685	0.01274178423183725
686	-0.25597530194543805
687	-0.5
688	0.015468247644224054
689	0.6885227993006902
690	0.04898132936764488
691	0.2587178712683439
692	-0.5
693	-0.40760643416088516
694	-0.5
695	-0.31216921907882533
696	1.4519453833117695
697	1.355811985823065
698	0.8734396390143504
699	0.13588849142581338
700	-0.5
701	-0.4872091403273078
702	-0.5
703	-0.5
704	-0.5
705	0.032165462922178145
706	-0.002082598206743891
707	-0.5
708	-0.3774739961828138
709	-0.5
710	-0.5
711	-0.5
712	-0.38379013156148556
713	-0.07228673006956388
714	1.0839467108318048
715	-0.5
716	-0.5
717	1.152266445985148
718	-0.5
719	-0.45161336841493455
720	-0.5
721	1.201403343102306
722	-0.3710399499650603
723	0.6682415662045973
724	-0.10748718517724903
725	-0.4118834847872209
726	-0.48476356290224143
727	-0.5
728	-0.3228534938396126
729	-0.4090634864142783
730	-0.2457445740527166
731	-0.5
732	-0.5
733	-0.5
734	-0.5
735	2.5253831135487284
736	-0.5
737	-0.5
738	1.8811028118494173
739	-0.4614384383878206
740	0.5762954901942228
741	-0.3341511859113047
742	-0.3703596794141242
743	2.076166834881613
744	-0.37783921684172983
745	-0.20982594398824161
746	-0.5
747	-0.26318024799175305
748	0.635189642558609
749	-0.2462355719478554
750	-0.409224532943259
751	-0.30029218787118717
752	-0.5
753	0.1792709950340522
754	-0.5
755	-0.49886956864149085
756	-0.5
757	-0.5
758	0.29230245698265833
759	-0.5
760	-0.5
761	-0.5
762	-0.12189902002994185
763	-0.35648692616899436
764	-0.5
765	-0.5
766	-0.4651889193876494
767	-0.47737231929831475
768	-0.5
769	-0.4859197763267775
770	-0.5
771	-0.5
772	-0.22934265882685995
773	0.4280802654342062
774	0.08968413520564811
775	0.05200037742349439
776	-0.1918411362063247
777	-0.35161288596848134
778	1.6511534588489285
779	-0.19020087300452926
780	-0.4730101360040772
781	0.0022187368194069856
782	-0.41893185915948816
783	0.16740491560338655
784	-0.38509325516470155
785	-0.5
786	-0.5
787	0.44598796748298786
788	-0.38017189528281775
789	-0.06185885089546472
790	-0.09077713648664554
791	-0.07138665314200587
792	-0.5
793	0.26985781645881946
794	0.5209667995924729
795	1.6219923643473235
796	-0.49326250058528687
797	-0.5
798	-0.5
799	-0.43904738363221074
800	-0.49071307503354217
801	-0.04713218714759265
802	0.33109968914278276
803	0.2838305417535424
804	-0.0036639560192955334
805	0.9058609129646988
806	0.7653744441340913
807	-0.008174279166124454
808	0.6607766770766839
809	-0.2098537686848766
810	-0.1227530242325891
811	-0.5
812	-0.5
813	-0.5
814	-0.5
815	-0.38831179871592697
816	-0.5
817	-0.5
818	-0.5
819	0.2841265000865183
820	0.6243696136152272
821	-0.5
822	-0.5
823	-0.29182593227193143
824	-0.2798850798954586
825	-0.44041056290577396
826	1.0348279663266404
827	-0.5
828	0.4327922086120337
829	-0.5
830	-0.5
831	-0.5
832	-0.5
833	-0.3733266817072234
834	-0.5
835	-0.195865227330824
836	0.5947478039147887
837	-0.5
838	-0.5
839	0.603011282271104
840	-0.5
841	-0.04854203058922696
842	-0.5
843	-0.5
844	1.0406531003417872
845	-0.44811222655026683
846	-0.45234955892897466
847	-0.5
848	-0.5
849	0.6769953124496377
850	-0.5
851	0.5444235000410493
852	1.3007395120791607
853	-0.4277183841933675
854	0.8357867016175955
855	1.2839081936659333
856	0.0764658917605674
857	-0.5
858	-0.5
859	0.19227853751564095
860	-0.5
861	-0.5
862	-0.4103077216435378
863	-0.5
864	-0.5
865	0.08864798757547176
866	-0.3382652470882438
867	-0.26168481462525683
868	-0.485780198003822
869	-0.42383219644589004
870	-0.39153868196848574
871	-0.364060634121289
872	-0.5
873	-0.5
874	-0.5
875	-0.5
876	-0.5
877	-0.37158665675056257
878	-0.5
879	-0.5
880	0.8325579866883892
881	-0.5
882	-0.5
883	-0.5
884	-0.45352793306698425
885	-0.14193302246738665
886	-0.09016734330181603
887	-0.5
888	-0.4016307421502387
889	-0.5
890	0.37742716883161254
891	-0.5
892	0.062238209570908865
893	-0.5
894	-0.5
895	-0.5
896	0.30254678084620734
897	-0.23051018381414795
898	-0.33258285357334294
899	0.22682939059706997
900	-0.4387514135162185
901	-0.27776700459693593
902	0.11090222125715066
903	-0.415658908562771
904	-0.07743296450882864
905	-0.5
906	-0.5
907	-0.4108982616745543
908	-0.4256646184529786
909	-0.5
910	-0.1168446740710179
911	0.3736625977108079
912	-0.5
913	-0.09155555873623672
914	-0.25036726918466057
915	-0.33389740547666924
916	1.5273774252262275
917	0.2130290795831391
918	-0.45271961750694134
919	0.32900735200311815
920	0.12484254009202356
921	0.6801255551453889
922	0.8005254780325461
923	0.32902094699994755
924	0.17704510628612635
925	-0.12657907215381614
926	0.2943265648828248
927	1.1310848736053272
928	0.4817617956671273
929	1.8555823693258007
930	0.3867353740460209
931	-0.28400826151124636
932	0.08400864649535977
933	-0.20734630156690087
934	-0.5
935	0.5314893500159037
936	0.8002165892017714
937	0.48578738568127633
938	-0.5
939	-0.4091213650837108
940	-0.36093260492172796
941	-0.5
942	1.8363758943794815
943	-0.5
944	-0.3171994115695501
945	-0.30150503856761934
946	-0.023912013683216937
947	-0.34084197483953643
948	-0.38762011323361223
949	-0.5
950	-999.0
951	-999.0
